0 0
500 37020
1000 66042
1500 96799
2000 123669
2500 147483
3000 171023
3500 194473
4000 218075
4500 241640
5000 265218
5500 288729
6000 312410
6500 335958
7000 359435
7500 382870
8000 406519
8500 430000
9000 453519
9500 477027
10000 500594
10500 524084
11000 547661
11500 571239
12000 594718
12500 618180
13000 641660
13500 665176
14000 688667
14500 712105
15000 735700
15500 759284
16000 782721
16500 808333
17000 832291
17500 855794
18000 879315
18500 902883
19000 926446
19500 949828
20000 973300
20500 996844
21000 1020296
21500 1043804
22000 1072028
22500 1103954
23000 1134832
23500 1165985
24000 1199607
24500 1231467
25000 1265705
25500 1297816
26000 1328645
26500 1361077
27000 1392770
27500 1424931
28000 1456732
28500 1487430
29000 1521284
29500 1552028
30000 1581521
30500 1614344
31000 1645376
31500 1676620
32000 1710121
32500 1741800
33000 1772563
33500 1803389
34000 1834891
34500 1868556
35000 1899828
35500 1930597
36000 1962399
36500 1993769
37000 2026203
37500 2057532
38000 2088574
38500 2120232
39000 2152444
39500 2185945
40000 2217246
40500 2248110
41000 2278374
41500 2309132
42000 2341509
42500 2376420
43000 2407254
43500 2439126
44000 2470079
44500 2501280
45000 2535304
45500 2566646
46000 2598485
46500 2629730
47000 2661310
47500 2696248
48000 2726894
48500 2758971
49000 2789825
49500 2821564
50000 2853263
