0 0
500 80447
1000 173087
1500 285281
2000 394671
2500 509500
3000 625512
3500 740679
4000 859814
4500 989527
5000 1122345
5500 1256375
6000 1390595
6500 1525389
7000 1656524
7500 1790052
8000 1925125
8500 2102663
9000 2252928
9500 2403757
10000 2557452
10500 2708788
11000 2859318
11500 3008292
12000 3161904
12500 3312735
13000 3464126
13500 3615357
14000 3766494
14500 3917897
15000 4068886
15500 4220707
16000 4374176
16500 4531325
17000 4707062
17500 4883614
18000 5063259
18500 5239500
19000 5417297
19500 5592094
20000 5770773
20500 5947529
21000 6132028
21500 6312589
22000 6488233
22500 6666147
23000 6841087
23500 7021981
24000 7197601
24500 7375498
25000 7549807
25500 7736154
26000 7912475
26500 8090290
27000 8266012
27500 8444268
28000 8621277
28500 8797139
29000 8972860
29500 9152396
30000 9328113
30500 9504218
31000 9681257
31500 9860884
32000 10053492
32500 10234475
33000 10421832
33500 10627854
34000 10833220
34500 11036330
35000 11239757
35500 11442796
36000 11647782
36500 11849950
37000 12053816
37500 12258358
38000 12462411
38500 12664620
39000 12868702
39500 13073792
40000 13277585
40500 13480403
41000 13682883
41500 13891778
42000 14134580
42500 14344034
43000 14551695
43500 14760114
44000 14970424
44500 15178576
45000 15387354
45500 15594808
46000 15800547
46500 16007220
47000 16213800
47500 16421644
48000 16628568
48500 16835945
49000 17040966
49500 17246464
50000 17448342
