0 0
500 91247
1000 160087
1500 280212
2000 301368
2500 319454
3000 539341
3500 560796
4000 578931
4500 596974
5000 614956
5500 1049352
6000 1071914
6500 1090037
7000 1108016
7500 1125830
8000 1143804
8500 1161701
9000 1179591
9500 1197434
10000 1215362
10500 1233422
11000 2082629
11500 2105157
12000 2123275
12500 2141094
13000 2158894
13500 2176762
14000 2195267
14500 2213069
15000 2230867
15500 2248626
16000 2266430
16500 2284301
17000 2302050
17500 2319872
18000 2337651
18500 2355424
19000 2373259
19500 2391010
20000 2408798
20500 2426672
21000 2444423
21500 2462112
22000 4195493
22500 4218890
23000 4237055
23500 4254907
24000 4272738
24500 4290657
25000 4308506
25500 4326303
26000 4344147
26500 4361992
27000 4379911
27500 4397705
28000 4415520
28500 4433278
29000 4451069
29500 4468855
30000 4486794
30500 4504637
31000 4522472
31500 4540274
32000 4558111
32500 4576057
33000 4594034
33500 4611828
34000 4629714
34500 4647528
35000 4665352
35500 4683214
36000 4701021
36500 4718916
37000 4737056
37500 4762329
38000 4782740
38500 4800982
39000 4818782
39500 4839625
40000 4863178
40500 4882677
41000 4900779
41500 4918565
42000 4936442
42500 4954252
43000 4971955
43500 4989825
44000 8932405
44500 8965309
45000 8983409
45500 9001263
46000 9019112
46500 9037013
47000 9054815
47500 9072846
48000 9090694
48500 9108551
49000 9126448
49500 9144256
50000 9162033
