0 0
500 681825
1000 3496348
1500 8312580
2000 14984570
2500 23523421
3000 34329106
3500 46666158
4000 60916854
4500 77314688
5000 95907292
5500 116481354
6000 139125621
6500 164349773
7000 191552065
7500 220954127
8000 252514938
8500 286512524
9000 322356714
9500 361409980
10000 402852326
10500 444758730
11000 488571538
11500 534391050
12000 582244756
12500 632991571
13000 687833917
13500 741938677
14000 799043461
14500 857646105
15000 917811518
15500 980054171
16000 1044347232
16500 1110672696
17000 1178771472
17500 1248742603
18000 1321112568
18500 1395057436
19000 1471058879
19500 1549071732
20000 1629198359
20500 1711276753
21000 1795742365
21500 1881982814
22000 1970073837
22500 2060620468
23000 2152843019
23500 2247068356
24000 2343922532
24500 2442313317
25000 2542813921
25500 2645228553
26000 2749551149
26500 2856259550
27000 2964695802
27500 3075404293
28000 3187881896
28500 3302770475
29000 3419209335
29500 3537678806
30000 3658252853
30500 3780867382
31000 3905817640
31500 4032731845
32000 4161416353
32500 4292063390
33000 4425084264
33500 4559693729
34000 4696336336
34500 4835415164
35000 4976170891
35500 5119385343
36000 5264319815
36500 5411800123
37000 5560993427
37500 5712364528
38000 5866086271
38500 6021494997
39000 6179287118
39500 6342316654
40000 6503957795
40500 6667587406
41000 6833579835
41500 7001373986
42000 7171362222
42500 7343454718
43000 7517180685
43500 7693105288
44000 7871371779
44500 8051668963
45000 8233796681
45500 8418379514
46000 8604884458
46500 8793228941
47000 8984053006
47500 9176911146
48000 9371936014
48500 9568597130
49000 9767371371
49500 9968624304
50000 10171979857
