0 0
500 50696
1000 84153
1500 117500
2000 148964
2500 179701
3000 212307
3500 245538
4000 277918
4500 309030
5000 341338
5500 373572
6000 404832
6500 437559
7000 469385
7500 501210
8000 533489
8500 565238
9000 598016
9500 628660
10000 661127
10500 692686
11000 726487
11500 757846
12000 791453
12500 823402
13000 853332
13500 886543
14000 918127
14500 949928
15000 983035
15500 1016000
16000 1049159
16500 1080094
17000 1112809
17500 1146676
18000 1180294
18500 1218876
19000 1254256
19500 1287146
20000 1317983
20500 1352871
21000 1385747
21500 1420295
22000 1452449
22500 1484323
23000 1519198
23500 1552024
24000 1585713
24500 1617856
25000 1650184
25500 1683260
26000 1717210
26500 1752112
27000 1784138
27500 1815895
28000 1848146
28500 1880243
29000 1914808
29500 1949341
30000 1982357
30500 2014464
31000 2046060
31500 2080799
32000 2116070
32500 2148784
33000 2180804
33500 2213626
34000 2245973
34500 2281144
35000 2314612
35500 2347046
36000 2380027
36500 2412386
37000 2445581
37500 2481667
38000 2513203
38500 2546101
39000 2578512
39500 2611008
40000 2647333
40500 2679701
41000 2712490
41500 2743604
42000 2776445
42500 2810778
43000 2845551
43500 2878560
44000 2910871
44500 2943544
45000 2974791
45500 3013266
46000 3047627
46500 3079990
47000 3113518
47500 3145940
48000 3180864
48500 3213867
49000 3247250
49500 3280029
50000 3312309
