0 0
500 24309
1000 49093
1500 84103
2000 101275
2500 140247
3000 161740
3500 179865
4000 195680
4500 256075
5000 275599
5500 293446
6000 311494
6500 329704
7000 350684
7500 368392
8000 385892
8500 507349
9000 529205
9500 547143
10000 564077
10500 582518
11000 600860
11500 619609
12000 637760
12500 656323
13000 674913
13500 692817
14000 710596
14500 731052
15000 749467
15500 768643
16000 784667
16500 965437
17000 988399
17500 1006481
18000 1023971
18500 1041879
19000 1059213
19500 1077567
20000 1095471
20500 1114143
21000 1131361
21500 1148773
22000 1169155
22500 1186863
23000 1204459
23500 1222618
24000 1241835
24500 1259819
25000 1278856
25500 1296803
26000 1314443
26500 1331217
27000 1365261
27500 1385560
28000 1403729
28500 1422473
29000 1440504
29500 1458544
30000 1478958
30500 1496216
31000 1513283
31500 1533197
32000 1551016
32500 1568825
33000 1985030
33500 2007037
34000 2025795
34500 2044800
35000 2062508
35500 2080965
36000 2098462
36500 2115444
37000 2135791
37500 2154320
38000 2173137
38500 2190837
39000 2208787
39500 2226362
40000 2244335
40500 2261644
41000 2279421
41500 2298300
42000 2315818
42500 2333255
43000 2348737
43500 2366113
44000 2383248
44500 2400512
45000 2420777
45500 2439152
46000 2473064
46500 2492724
47000 2509248
47500 2527157
48000 2544607
48500 2561389
49000 2579854
49500 2597133
50000 2613898
