0 0
500 56969
1000 91693
1500 121908
2000 151169
2500 264092
3000 301662
3500 331011
4000 360474
4500 389622
5000 418740
5500 448002
6000 477074
6500 506265
7000 535387
7500 564470
8000 593824
8500 623005
9000 652196
9500 681400
10000 710559
10500 739650
11000 768844
11500 798061
12000 827355
12500 856552
13000 885683
13500 914948
14000 944205
14500 973296
15000 1002534
15500 1031748
16000 1060890
16500 1090236
17000 1119384
17500 1148520
18000 1177668
18500 1206779
19000 1236063
19500 1265379
20000 1294706
20500 1323870
21000 1353056
21500 1382451
22000 1416891
22500 1452991
23000 1490863
23500 1528360
24000 1564207
24500 1599917
25000 1637641
25500 1680103
26000 1718932
26500 1755566
27000 1793189
27500 1827963
28000 1865681
28500 1903457
29000 1940230
29500 1977441
30000 2014179
30500 2051116
31000 2089564
31500 2126076
32000 2163263
32500 2199885
33000 2237185
33500 2273726
34000 2311768
34500 2349124
35000 2386125
35500 2422520
36000 2458674
36500 2497254
37000 2535705
37500 2572272
38000 2608502
38500 2645019
39000 2681422
39500 2720636
40000 2757188
40500 2794622
41000 2829216
41500 2866474
42000 2901846
42500 2941604
43000 2978175
43500 3015055
44000 3051478
44500 3086883
45000 3124423
45500 3158684
46000 3193471
46500 3228978
47000 3264163
47500 3300313
48000 3336315
48500 3372236
49000 3406331
49500 3440691
50000 3476524
